180
1.4738
2.4738
3.4738
4.4738
5.4738
6.4738
7.4738
8.4738
9.4738
10.4738
11.4738
12.4738
13.4738
14.4738
15.4738
16.4738
17.4738
18.4738
19.4738
20.4738
21.4738
22.4738
23.4738
24.4738
25.4738
26.4738
27.4738
28.4738
29.4738
30.4738
31.4738
32.4738
33.4738
34.4738
35.4738
36.4738
37.4738
38.4738
39.4738
40.4738
41.4738
42.4738
43.4738
44.4738
45.4738
46.4738
47.4738
48.4738
49.4738
50.4738
51.4738
52.4738
53.4738
54.4738
55.4738
56.4738
57.4738
58.4738
59.4738
60.4738
61.4738
62.4738
63.4738
64.4738
65.4738
66.4738
67.4738
68.4738
69.4738
70.4738
71.4738
72.4738
73.4738
74.4738
75.4738
76.4738
77.4738
78.4738
79.4738
80.4738
81.4738
82.4738
83.4738
84.4738
85.4738
86.4738
87.4738
88.4738
89.4738
90.4738
91.4738
92.4738
93.4738
94.4738
95.4738
96.4738
97.4738
98.4738
99.4738
100.4738
101.4738
102.4738
103.4738
104.4738
105.4738
106.4738
107.4738
108.4738
109.4738
110.4738
111.4738
112.4738
113.4738
114.4738
115.4738
116.4738
117.4738
118.4738
119.4738
120.4738
121.4738
122.4738
123.4738
124.4738
125.4738
126.4738
127.4738
128.4738
129.4738
130.4738
131.4738
132.4738
133.4738
134.4738
135.4738
136.4738
137.4738
138.4738
139.4738
140.4738
141.4738
142.4738
143.4738
144.4738
145.4738
146.4738
147.4738
148.4738
149.4738
150.4738
151.4738
152.4738
153.4738
154.4738
155.4738
156.4738
157.4738
158.4738
159.4738
160.4738
161.4738
162.4738
163.4738
164.4738
165.4738
166.4738
167.4738
168.4738
169.4738
170.4738
171.4738
172.4738
173.4738
174.4738
175.4738
176.4738
177.4738
178.4738
179.4738
180