381
1
2
3
4
5
6
7
8
9
10
11
12
13
14
15
16
17
18
19
20
21
22
23
24
25
26
27
28
29
30
31
32
33
34
35
36
37
38
39
40
41
42
43
44
45
46
47
48
49
50
51
52
53
54
55
56
57
58
59
60
61
62
63
64
65
66
67
68
69
70
71
72
73
74
75
76
77
78
79
80
81
82
83
84
85
86
87
88
89
90
91
92
93
94
95
96
97
98
99
100
101
102
103
104
105
106
107
108
109
110
111
112
113
114
115
116
117
118
119
120
121
122
123
124
125
126
127
128
129
130
131
132
133
134
135
136
137
138
139
140
141
142
143
144
145
146
147
148
149
150
151
152
153
154
155
156
157
158
159
160
161
162
163
164
165
166
167
168
169
170
171
172
173
174
175
176
177
178
179
180
999800
999801
999802
999803
999804
999805
999806
999807
999808
999809
999810
999811
999812
999813
999814
999815
999816
999817
999818
999819
999820
999821
999822
999823
999824
999825
999826
999827
999828
999829
999830
999831
999832
999833
999834
999835
999836
999837
999838
999839
999840
999841
999842
999843
999844
999845
999846
999847
999848
999849
999850
999851
999852
999853
999854
999855
999856
999857
999858
999859
999860
999861
999862
999863
999864
999865
999866
999867
999868
999869
999870
999871
999872
999873
999874
999875
999876
999877
999878
999879
999880
999881
999882
999883
999884
999885
999886
999887
999888
999889
999890
999891
999892
999893
999894
999895
999896
999897
999898
999899
999900
999901
999902
999903
999904
999905
999906
999907
999908
999909
999910
999911
999912
999913
999914
999915
999916
999917
999918
999919
999920
999921
999922
999923
999924
999925
999926
999927
999928
999929
999930
999931
999932
999933
999934
999935
999936
999937
999938
999939
999940
999941
999942
999943
999944
999945
999946
999947
999948
999949
999950
999951
999952
999953
999954
999955
999956
999957
999958
999959
999960
999961
999962
999963
999964
999965
999966
999967
999968
999969
999970
999971
999972
999973
999974
999975
999976
999977
999978
999979
999980
999981
999982
999983
999984
999985
999986
999987
999988
999989
999990
999991
999992
999993
999994
999995
999996
999997
999998
999999
1000000